4294967279,119
4294967279,118
4294967279,117
4294967279,116
4294967279,115
4294967279,114
4294967279,113
4294967279,112
4294967279,111
4294967279,219
4294967279,104
4294967279,103
4294967279,102
4294967279,101
4294967279,100
4294967279,99
4294967279,98
4294967279,97
4294967279,96
4294967279,95
4294967279,94
4294967278,231
4294967279,110
4294967279,231
4294967278,229
4294967279,109
4294967279,229
4294967278,225
4294967278,224
4294967278,227
4294967279,108
4294967279,227
4294967279,107
4294967279,225
4294967278,223
4294967279,105
4294967294,388
4294967279,221
4294967279,220
4294967279,106
4294967279,223
4294967278,221
4294967278,219
4294967278,36
4294967278,35
4294967278,34
4294967278,33
4294967278,32
4294967278,31
4294967278,30
4294967278,29
4294967278,28
4294967278,27
4294967278,26
4294967278,25
4294967278,24
4294967278,23
4294967278,22
4294967278,21
4294967278,20
4294967278,19
4294967278,18
4294967278,17
4294967278,16
4294967278,15
4294967278,14
4294967278,13
4294967278,12
4294967278,11
4294967278,10
4294967278,9
4294967278,8
4294967278,7
4294967278,6
4294967278,5
4294967278,4
4294967279,132
4294967279,131
4294967279,130
4294967279,129
4294967279,128
4294967279,127
4294967279,126
4294967279,125
4294967279,124
4294967279,123
4294967279,122
4294967279,121
4294967279,120
4294967279,24
4294967279,23
4294967279,21
4294967279,20
4294967279,18
4294967279,16
4294967279,15
4294967279,14
4294967279,13
4294967279,12
4294967279,11
4294967294,430
4294967278,217
4294967278,320
4294967278,213
4294967278,215
4294967279,392
4294967278,319
4294967279,391
4294967279,390
4294967278,318
4294967278,317
4294967279,389
4294967278,209
4294967278,208
4294967278,207
4294967294,392
4294967294,114
4294967294,397
4294967294,396
4294967294,414
4294967294,407
4294967294,386
4294967294,179
4294967294,916
4294967294,384
4294967294,168
4294967294,457
4294967294,464
4294967294,466
4294967278,206
4294967278,316
4294967279,388
4294967279,387
4294967278,205
12,6
4294967294,89
4294967294,962
4294967278,202
4294967279,386
4294967278,315
4294967278,314
12,5
4294967278,201
4294967278,200
12,4
12,3
12,2
12,1
4294967279,385
4294967278,199
4294967278,198
4294967278,197
4294967278,313
4294967279,384
4294967279,319
4294967278,196
11,5
4294967278,194
11,4
4294967278,193
11,3
11,2
11,1
4294967278,312
4294967278,192
4294967279,318
4294967278,190
4294967279,317
4294967278,311
4294967279,316
4294967278,187
4294967278,186
4294967278,185
10,4
10,3
10,2
10,1
4294967279,315
4294967278,184
4294967278,182
4294967278,181
4294967278,310
4294967278,180
4294967278,177
4294967279,314
4294967278,309
4294967278,308
8,5
4294967294,99
4294967278,176
4294967278,175
8,4
8,3
8,2
8,1
4294967279,313
4294967278,173
0,7
4294967294,390
4294967294,42
4294967278,307
4294967279,312
4294967294,185
4294967294,182
4294967294,173
4294967294,170
4294967294,163
4294967294,82
4294967294,967
4294967294,20
4294967294,13
4294967294,127
4294967294,18
4294967294,427
4294967278,306
4294967279,311
4294967294,387
4294967278,305
4294967278,169
4294967278,304
4294967279,310
4294967279,309
4294967278,303
4294967279,308
4294967279,307
4294967278,302
4294967278,301
4294967279,306
4294967278,300
4294967279,305
4294967294,2
4294967278,299
4294967278,163
4294967278,298
4294967279,304
4294967294,911
4294967294,186
4294967294,907
4294967294,957
4294967294,0
4294967294,441
4294967279,303
4294967278,297
4294967294,107
4294967294,50
4294967294,92
4294967294,91
4294967294,90
4294967294,88
4294967294,87
4294967294,86
4294967294,85
4294967294,84
4294967294,1355
4294967294,83
4294967294,958
4294967294,924
4294967294,955
4294967294,29
4294967294,419
4294967294,28
4294967294,925
4294967294,27
4294967294,471
4294967294,470
4294967294,956
4294967294,53
4294967294,418
4294967294,393
4294967294,45
4294967294,44
4294967294,426
4294967294,43
4294967294,970
4294967294,96
4294967294,94
4294967279,302
4294967294,9
4294967294,8
4294967279,301
4294967294,7
4294967278,296
4294967278,260
4294967278,0
4294967294,93
4294967294,95
4294967278,132
4294967278,131
